48.8580001 2.2910001 48.8800001 2.4040001
24
48.8351503 2.3077904
48.8317022 2.3579381
48.8812439 2.2917141
48.8558991 2.3550941
48.8406029 2.3993259
48.8587301 2.4106012
48.8791179 2.3369039
48.8369903 2.3831853
48.8326046 2.3684351
48.8722509 2.3124588
48.8951008 2.3635409
48.8473729 2.3030128
48.8646808 2.4041664
48.8799469 2.3721982
48.8692677 2.3555671
48.8561682 2.3150233
48.8446144 2.2968983
48.8507624 2.3951794
48.8439763 2.3242495
48.9011031 2.3550581
48.8406709 2.4090112
48.8762802 2.2865283
48.8866844 2.2976026
48.8557343 2.3049729